SEASON	SITE	MANGROVES	COT (%)	NT(%)	δ15N	δ13C	C/N	TP(µg/g)	IP(µg/g)	OP(µg/g)	OM(%)	TOC/TP	TOC/OP
W	U	M1	385.8	10.40	-0.49	-29.02	43.27	908.3	45.93	1092.32	699.2	0.424749532092921	0.353193203456862
W	U	M1	397.7	10.80	-1.31	-29.7	43.14	1083.4	133.48	963.60	635.1	0.367085102455234	0.412723121627231
W	U	M1	370.6	11.20	-1.12	-29.07	38.47	1232.1	139.83	875.17	645.4	0.300787273760247	0.423460584800667
W	U	M1	347.3	11.10	-0.14	-29.15	36.66	1059.4	95.83	884.70	632.2	0.327827071927506	0.392562450548208
W	U	M1	407.2	10.60	NA	-29.62	44.7	948.2	73.01	741.47	605.1	0.429445264712086	0.549179332946714
W	U	M1	423.6	10.60	NA	-29.31	46.68	943.4	58.75	1572.27	623.2	0.449014203943184	0.269419374534908
W	U	M1	385.8	0.00	NA	NA	43.27	1105.7	364.26	1721.90	621.2	0.348919236682644	0.224054823160462
W	U	M1	397.7	10.40	NA	NA	43.14	1652.9	80.61	1717.80	662.9	0.240607417266622	0.231517056700431
W	U	M1	370.6	10.80	NA	NA	38.47	1792.9	71.03	1736.48	640.0	0.206704222209828	0.213420252464756
W	U	M1	347.3	11.20	NA	NA	36.66	1827.6	109.79	1790.57	648.4	0.190030641278179	0.19396058238438
W	U	M1	407.2	11.10	NA	NA	44.7	1864.8	128.33	1609.58	681.1	0.218361218361218	0.25298525081077
W	U	M1	423.6	10.60	NA	NA	46.68	1894.3	103.69	1336.90	670.3	0.223618223090324	0.316853367801235
W	U	M1	385.8	10.60	NA	NA	43.27	1700.2	90.65	NA	648.4	0.226914480649335	
W	U	M1	397.7	10.40	NA	NA	43.14	NA	NA	NA	681.1		
W	U	M1	370.6	0.00	NA	NA	38.47	NA	NA	NA	670.3		
W	U	M1	347.3	0.00	NA	NA	36.66	NA	NA	NA	NA		
W	U	M1	407.2	0.00	NA	NA	44.7	NA	NA	NA	NA		
W	U	M1	423.6	6.20	NA	NA	46.68	NA	NA	NA	NA		
S	U	M1	393	10.80	0.56	-29.79	42.34	1264.7	67.60	993.43	668.1	0.31074563137503	0.395599085994987
S	U	M1	441.4	11.20	0.38	-30.7	45.81	986.5	89.61	1298.80	681.9	0.447440446021287	0.339852171234986
S	U	M1	438.4	10.60	0.09	-31.15	48.12	1102.9	109.50	1113.51	734.4	0.397497506573579	0.39370998015285
S	U	M1	414	11.40	-0.24	-29.79	42.45	1392.1	93.27	1390.74	676.8	0.297392428704834	0.297683247767376
S	U	M1	450.4	11.10	1.42	-30.22	47.22	1143.5	29.98	1011.11	731.3	0.393878443375601	0.445451038957186
S	U	M1	417.6	10.80	1.55	-29.88	45.14	1439.7	48.95	972.10	730.4	0.290060429256095	0.429585433597367
S	U	M1	246.3	11.00	1.46	-30.58	27.3	1023.5	12.36	1199.69	732.0	0.240644846116268	0.205303036617793
S	U	M1	301.8	10.50	-0.66	-30.52	30.15	1064.1	91.99	1158.42	697.0	0.283619960530025	0.260527269902108
S	U	M1	408.6	11.70	-1.28	-30.32	42.69	1266.3	66.57	1192.31	732.3	0.322672352523099	0.342696110910753
S	U	M1	417.9	11.20	0.25	-30.3	41.8	1180.5	22.12	1016.23	732.4	0.354002541296061	0.411225805181898
S	U	M1	404.7	11.70	0.17	-30.14	41.93	1218.6	26.25	1289.07	782.5	0.332102412604628	0.313947264306826
S	U	M1	414.2	11.30	1	-30.17	43.47	1040.2	23.93	1164.20	730.1	0.398192655258604	0.3557814048813
S	U	M1	NA	11.10	NA	NA	NA	1304.7	15.61	NA	759.0		
S	U	M1	NA	0.00	NA	NA	NA	NA	NA	NA	NA		
S	U	M1	NA	0.00	NA	NA	NA	NA	NA	NA	NA		
S	U	M1	NA	0.00	NA	NA	NA	NA	NA	NA	NA		
W	L	M1	88.4	5.70	3.09	-23.8	17.97	915.2	319.51	955.00	277.3	0.096590909090909	0.092565445026178
W	L	M1	103.3	6.10	3.34	-23.97	19.87	924.5	288.38	1016.03	302.8	0.111736073553272	0.101670226272846
W	L	M1	127.6	7.10	3.44	-25.36	21.01	1167.6	212.57	834.76	344.8	0.109284001370332	0.152858306579137
W	L	M1	131.2	7.60	2.52	-25.45	20.1	1251.3	235.28	770.02	343.4	0.104850955006793	0.170385184800395
W	L	M1	100.1	7.40	6.55	-24.08	15.89	1102.2	267.41	721.81	354.0	0.090818363273453	0.138679153793935
W	L	M1	130.9	5.70	2.67	-24.89	26.79	1135.4	365.41	818.44	337.6	0.115289765721332	0.15993841943209
W	L	M1	127.6	7.00	1.9	-25.49	21.23	1160.1	438.32	409.85	347.2	0.109990518058788	0.311333414663901
W	L	M1	139	7.70	1.53	-24.55	21.05	907.4	89.01	548.20	620.6	0.153184923958563	0.253557095950383
W	L	M1	140.1	7.30	2.45	-24.75	22.34	946.2	536.39	491.65	333.4	0.148065948002536	0.284958812163124
W	L	M1	135	7.60	0.61	-25.02	20.62	977.4	429.20	386.13	327.8	0.138121546961326	0.349623183901795
W	L	M1	150.4	8.70	0.19	-25.01	20.29	860.1	368.46	481.34	326.3	0.174863387978142	0.312461046245897
W	L	M1	144	8.00	0.07	-24.81	21.09	974.6	588.47	665.66	346.4	0.147752924276626	0.216326653246402
W	L	M1	117.9	7.60	0.22	-24.53	18.11	987.6	506.26	739.67	315.9	0.119380315917375	0.159395406059459
W	L	M1	110	6.90	1.31	-24.03	18.56	1117.9	452.29	753.80	317.9	0.098398783433223	0.145927301671531
W	L	M1	142	7.00	3.17	-24.94	23.67	1179.7	440.07	473.72	334.7	0.120369585487836	0.299755129612429
W	L	M1	144.1	7.70	NA	-24.84	21.75	1166.4	412.57	NA	347.7	0.123542524005487	
W	L	M1	110.1	8.30	NA	-24.14	15.52	996.8	523.03	NA	345.5	0.110453451043339	
S	L	M1	169.7	9.80	1.85	-26.94	20.18	971.6	143.07	635.56	379.8	0.174660354055167	0.267008622317326
S	L	M1	109.6	6.50	2.41	-25.82	19.67	697.9	268.37	541.66	288.9	0.157042556240149	0.202340951888639
S	L	M1	161.9	9.20	2.59	-31.34	20.61	840.1	204.55	538.00	353.7	0.192715152957981	0.30092936802974
S	L	M1	111.4	7.70	2.56	-25.28	16.77	839.1	297.39	588.25	298.9	0.132761291860327	0.18937526561836
S	L	M1	98.8	6.70	1.47	-25.83	17.14	740	202.02	599.65	285.8	0.133513513513514	0.164762778287334
S	L	M1	99.1	7.10	1.29	-25.5	16.29	863.2	274.97	582.42	274.7	0.114805375347544	0.170152123896844
S	L	M1	98.7	9.70	1.5	-24.72	22.14	827.6	227.97	444.84	285.5	0.119260512324795	0.221877528999191
S	L	M1	183.6	9.20	1.92	-25.85	20.7	929.8	347.35	575.55	378.8	0.197461819746182	0.318999218139171
S	L	M1	162.4	9.20	2.01	-26.81	19.75	905.5	460.61	417.33	350.9	0.179348426283821	0.389140488342559
S	L	M1	155.2	7.90	1.97	-25.58	17.6	958.3	382.71	178.91	347.7	0.161953459250757	0.867475266893969
S	L	M1	118.7	7.90	2.33	-25.78	16.57	881.7	464.34	317.77	335.3	0.134626290121356	0.373540611133839
S	L	M1	112.3	7.40	NA	-25.18	17.6	785.1	606.22	413.13	293.3	0.143039103298943	0.271827269866628
S	L	M1	111.4	6.70	NA	-24.87	16.02	912.8	595.00	NA	276.6	0.122042068361087	
S	L	M1	91.5	0.00	NA	-24.3	NA	803.6	390.46	NA	294.3	0.113862618218019	
S	L	M1	145.3	0.00	NA	-25.82	NA	804.0	NA	NA	NA		
S	L	M1	175.5	0.00	NA	-26.05	NA	854.0	NA	NA	NA		
S	L	M1	NA	0.00	NA	-25.42	NA	904.0	NA	NA	NA		
W	U	M2	144.6	7.00	5.14	-29.03	24.05	1211.9	684.97	574.66	359.5	0.119316775311494	0.251627049037692
W	U	M2	127.7	7.10	5.41	-28.52	21	1327.6	836.57	677.60	327.1	0.096188611027418	0.188459268004723
W	U	M2	123.3	6.80	5.03	-28.55	21.17	1221.8	647.11	558.08	311.6	0.100916680307743	0.220936066513761
W	U	M2	112.4	6.20	5.38	-27.93	21.13	1322.6	645.00	820.68	328.3	0.084984122183578	0.136959594482624
W	U	M2	130.2	6.90	5.54	-28.7	22.11	1295.4	737.27	426.96	313.4	0.100509495136637	0.304946599213041
W	U	M2	111.4	6.80	5.2	-28.38	19.14	1400.7	580.05	393.09	328.4	0.079531662740059	0.283395660026966
W	U	M2	116.5	6.70	5.2	-28.6	20.29	1121.6	694.68	391.60	308.4	0.103869472182596	0.297497446373851
W	U	M2	139.8	6.70	5.42	-28.73	24.41	1262.4	869.34	269.22	346.4	0.11074144486692	0.519277913973702
W	U	M2	129.8	6.70	4.94	-29.18	22.5	1255	863.41	282.14	337.6	0.103426294820717	0.460055291699157
W	U	M2	130.2	6.40	4.97	-28.41	23.78	1312.4	1043.19	168.10	324.0	0.099207558671137	0.774538964901844
W	U	M2	148.9	7.30	4.95	-31.77	23.74	1200.9	918.74	494.66	363.4	0.1239903405779	0.301014838474912
W	U	M2	118.1	6.00	5	-28.78	22.98	1115	946.90	257.21	309.8	0.105919282511211	0.459157886551845
W	U	M2	196.5	7.40	5.35	-26.62	30.84	1413.6	918.98	216.54	444.0	0.139006791171477	0.907453588251593
W	U	M2	140.1	7.10	5.27	-29.09	23.03	1264.5	1007.29	429.11	350.4	0.11079478054567	0.326489711262846
W	U	M2	91.3	5.20	5.35	-27.15	20.55	905.1	688.59	273.46	261.1	0.1008728317313	0.333869670152856
W	U	M2	88.3	4.60	NA	-27.38	22.34	880.8	451.72	NA	264.1	0.100249772933697	
W	U	M2	91.8	0.00	NA	-27.28	22.11	900.5	627.03	NA	263.5	0.101943364797335	
S	U	M2	134.5	9.20	3.39	-28.42	17.15	1302.4	687.33	523.73	344.4	0.103270884520885	0.256811715960514
S	U	M2	128.9	8.80	3.38	-28.07	17.15	1375	804.53	629.81	330.9	0.093745454545455	0.204664898937775
S	U	M2	139	8.90	3.49	-28.33	18.27	1323.3	799.61	566.41	339.8	0.105040429229955	0.24540527179958
S	U	M2	141.2	8.90	3.62	-28.41	18.52	1395.2	765.35	784.46	360.2	0.101204128440367	0.179996430665681
S	U	M2	147.6	8.70	3.36	-28.19	19.98	1267.3	700.93	595.28	339.7	0.116468081748599	0.247950544281683
S	U	M2	149	8.60	3.36	-28.68	19.5	1483.4	698.97	575.42	327.1	0.100444923823648	0.258941295054047
S	U	M2	155	8.90	3.43	-28.46	18.89	1378.3	782.99	761.33	351.2	0.112457375027207	0.203591084024011
S	U	M2	147.2	9.60	3.41	-27.89	19.3	1372.5	797.10	869.99	412.8	0.107249544626594	0.169197347095944
S	U	M2	160.4	8.90	3.37	-27.99	19.34	1519.5	758.21	912.13	329.3	0.105561039815729	0.17585212634164
S	U	M2	158.6	9.70	3.56	-28.79	18.92	1544.3	674.32	822.54	344.3	0.102700252541605	0.192817370583801
S	U	M2	144.2	9.80	3.09	-28.22	18.14	1621.5	709.38	778.51	346.2	0.088930003083565	0.185225623306059
S	U	M2	167.5	9.30	3.08	-29	19.71	1539.7	717.16	818.67	336.7	0.108787426121972	0.204600144136221
S	U	M2	152.2	9.90	3.21	-28.62	18.81	1479.9	701.40	836.15	341.1	0.10284478680992	0.182024756323626
S	U	M2	168.3	9.40	3.08	-28.31	19.56	1501.2	682.55	645.74	349.5	0.1121103117506	0.26063121380122
S	U	M2	154.6	10.00	3.07	-28.4	17.41	1415.2	579.03	656.03	373.1	0.109242509892595	0.235659954575248
S	U	M2	169	10.40	NA	-28.65	19.39	1396.7	751.01	703.63	370.2	0.120999498818644	0.24018223151748
S	U	M2	NA	10.20	NA	NA	NA	1340.6	684.58	NA	360.3		
W	L	M2	69.9	4.20	6.37	-26.87	22.13	952.2	640.54	165.51	216.5	0.073408947700063	0.422330976980243
W	L	M2	79.1	4.80	6.07	-26.91	17.47	1163.9	962.89	376.72	251.9	0.067961165048544	0.209970269696326
W	L	M2	72.1	4.20	6.38	-27.27	16.75	1019.1	853.55	417.11	218.4	0.070748699833186	0.172856081129678
W	L	M2	102.7	5.60	6.65	-28.08	21.86	1215.9	839.17	358.03	284.0	0.084464182909779	0.286847470882328
W	L	M2	80	4.50	6.27	-27.14	23.65	1116.5	699.41	305.13	242.1	0.071652485445589	0.262183331694687
W	L	M2	83.9	5.40	7	-26.84	13.21	1052.2	694.19	352.55	242.8	0.079737692453906	0.237980428308041
W	L	M2	108.7	5.50	6.55	-27.94	23	1137.4	832.23	563.01	283.6	0.09556884121681	0.193069394859772
W	L	M2	62	4.70	6.99	-25.9	27.18	1102.7	750.15	566.06	200.5	0.05622562800399	0.109529025191676
W	L	M2	91.8	4.70	6.34	-27.53	20.76	1239	675.95	244.40	242.1	0.07409200968523	0.375613747954173
W	L	M2	109.4	4.40	7.23	-28.45	18.53	1329.9	763.79	120.21	275.8	0.082261824197308	0.910074037101739
W	L	M2	78	5.30	7.06	-27.29	16.36	1061.2	816.84	195.33	227.3	0.073501696192989	0.399324220549839
W	L	M2	84.8	3.80	6.79	-26.98	19.35	1149.1	1028.84	249.75	236.1	0.073796884518319	0.33953953953954
W	L	M2	52.6	4.90	7.04	-28.41	18.08	1140	944.63	367.49	184.8	0.046140350877193	0.143133146480176
W	L	M2	81.8	4.60	6.94	-27.06	18.67	1202.4	952.66	NA	237.4	0.068030605455755	
W	L	M2	75.7	4.70	6.6	-26.35	16.64	1059	1126.79	NA	223.5	0.07148253068933	
W	L	M2	63.6	4.50	NA	-26.54	21.61	1086.4	1140.48	NA	223.0	0.058541973490427	
W	L	M2	78.1	4.20	NA	-26.38	NA	1042.8	1060.00	NA	213.6	0.074894514767933	
W	L	M2	NA	NA	NA	-27.03	NA	NA	NA	NA	NA		
S	L	M2	64	4.60	5.92	-28.1	16.15	1026.4	658.87	120.52	224.1	0.062353858144973	0.531032193826751
S	L	M2	56.9	4.20	6.49	-27.83	15.86	1700.2	90.65	172.27	670.3	0.033466650982237	0.330295466418993
S	L	M2	65.1	4.20	6.88	-27.89	17.88	925.5	762.48	300.90	163.7	0.07034035656402	0.216350947158524
S	L	M2	58.8	4.50	6.28	-27.75	15.39	918.4	797.83	108.48	170.0	0.064024390243903	0.542035398230088
S	L	M2	77.8	5.30	6.33	-28.3	17.24	1009.1	836.80	254.92	174.2	0.077098404518878	0.305193786285894
S	L	M2	48.8	4.40	6.33	-27.78	13.04	1134.4	833.51	222.72	211.7	0.043018335684062	0.219109195402299
S	L	M2	90.7	5.60	6.47	-28.82	18.76	874.1	765.63	86.61	184.0	0.103763871410594	1.04722318438979
S	L	M2	75.2	4.20	6.37	-28.61	21.12	1027.3	772.35	109.95	245.2	0.073201596417794	0.683947248749431
S	L	M2	55.1	4.40	6.21	-27.41	14.69	1006.3	783.60	171.43	168.2	0.054755043227666	0.321413988216765
S	L	M2	69.3	4.70	6.11	-31.1	17.19	998.7	912.07	217.74	161.5	0.06939020726945	0.318269495728851
S	L	M2	62.9	4.50	6.15	-28.13	16.34	1043.2	933.22	10.27	189.5	0.060295245398773	6.12463485881207
S	L	M2	83.5	5.50	6.03	-28.24	17.64	1127.5	956.05	264.83	172.9	0.074057649667406	0.315296605369482
S	L	M2	48.9	3.90	5.93	-27.7	14.58	1125.7	907.99	435.01	218.1	0.043439637558852	0.112411208937726
S	L	M2	69.6	4.80	6.11	-27.76	16.96	896.4	886.12	358.65	140.8	0.07764390896921	0.194061062317022
S	L	M2	88.8	5.50	NA	-28.98	18.69	1075.3	810.43	NA	183.9	0.082581605133451	
S	L	M2	84.4	5.40	NA	-28.82	18.33	1203.6	768.58	NA	223.6	0.070122964440013	
S	L	M2	NA	0.00	NA	NA	NA	1107.9	749.27	NA	215.7		
W	U	M3	51	3.90	6.64	-23.35	15.32	999.8	840.47	227.27	210.8	0.051010202040408	0.224402692832314
W	U	M3	94.7	5.50	7.93	-26.72	20.21	1101.5	869.63	78.41	292.7	0.085973672265093	1.20775411299579
W	U	M3	93.8	5.70	7.47	-23.42	19.06	1085	857.70	262.64	290.3	0.086451612903226	0.357142857142857
W	U	M3	58.8	4.90	6.79	-23.75	14.01	946.8	868.42	219.48	223.5	0.062103929024081	0.267905959540733
W	U	M3	58	4.50	6.57	-23.12	14.98	1021.6	758.91	92.87	226.7	0.056773688332028	0.624528911381501
W	U	M3	61.1	5.40	5.98	-20.74	13.19	1029.7	810.20	149.78	249.8	0.059337671166359	0.407931633061824
W	U	M3	66.4	4.80	6.17	-22.66	15.99	960.4	867.49	205.80	257.2	0.069137859225323	0.322643343051506
W	U	M3	54.3	4.30	5.74	-25.37	14.61	933.1	783.31	310.80	208.3	0.058193119708499	0.174710424710425
W	U	M3	84	5.60	6.84	-25.86	17.58	1008.5	802.69	268.98	272.7	0.08329201784829	0.312290876645104
W	U	M3	90.9	6.30	6.21	-22.3	16.92	995	684.23	211.64	287.7	0.091356783919598	0.42950292950293
W	U	M3	53.4	4.50	6.06	-23.37	13.77	959.4	690.46	209.71	214.9	0.055659787367105	0.254637356349244
W	U	M3	61.3	4.80	5.17	-22.33	14.79	964.6	752.92	269.61	233.3	0.063549657889281	0.227365453803642
W	U	M3	57.5	4.80	5.19	-20.92	13.94	966.9	757.17	212.65	218.7	0.059468404178302	0.270397366564778
W	U	M3	62.3	4.60	7.32	-22.72	15.92	1096.5	826.85	276.64	237.7	0.056817145462836	0.225202429149798
W	U	M3	47.4	4.20	7.89	-21.41	13.1	992.7	780.02	93.06	199.4	0.047748564521003	0.509348807221148
W	U	M3	36.3	3.80	NA	-22.18	11.07	997.7	721.04	NA	228.3	0.03638368246968	
W	U	M3	40.2	3.90	NA	NA	12.13	817.1	724.09	NA	147.0	0.049198384530657	
S	U	M3	46.4	4.20	7.1	-25.01	13	1129.2	813.26	212.56	191.0	0.04109103790294	0.218291305984193
S	U	M3	44.7	6.00	7	-22.76	8.7	1080.9	753.32	325.66	181.6	0.0413544268665	0.137259718725051
S	U	M3	51.9	4.30	7.13	-24.24	14.21	1036.6	824.03	362.25	188.1	0.050067528458422	0.143271221532091
S	U	M3	37.9	4.30	7.52	-22.15	10.36	1092.4	766.78	245.96	177.4	0.03469425119004	0.154090095950561
S	U	M3	44.3	4.30	6.3	-21.85	11.94	1128.4	766.13	525.73	173.1	0.039259127968805	0.084263785593365
S	U	M3	36.9	3.70	6.78	-21.11	11.56	1001.2	755.22	254.98	174.1	0.036855773072313	0.144717232724135
S	U	M3	97	5.10	6.18	-24.07	22.24	1266.7	741.01	271.80	221.2	0.076576932185995	0.356880058866814
S	U	M3	47.3	3.90	6.15	-17.86	12.74	1186.1	931.09	368.67	205.7	0.03987859371048	0.128299020804514
S	U	M3	41.9	3.80	6.84	-27.37	13.31	1102.4	830.56	367.13	194.5	0.038007982583454	0.114128510336938
S	U	M3	46.6	4.10	6.99	-22.53	10.92	1120.7	751.99	430.84	182.9	0.041581154635496	0.108160802153932
S	U	M3	35.4	3.80	7.1	-24.33	13.51	1156	788.83	238.02	172.4	0.030622837370242	0.148726997731283
S	U	M3	46.7	4.00	5.63	NA	10.66	1158.3	727.43	349.98	169.9	0.040317706984374	0.133436196354077
S	U	M3	33.6	3.70	6.89	NA	17.18	1149.9	911.85	173.64	174.7	0.029219932168015	0.193503800967519
S	U	M3	76.3	5.20	6.7	NA	12.87	1098.3	748.35	199.78	210.4	0.069471000637349	0.381920112123336
S	U	M3	43.5	3.90	6.75	NA	12.06	1028	854.40	398.82	198.1	0.042315175097276	0.109071761697006
S	U	M3	39.5	3.80	NA	NA	11.96	1080.3	880.50	NA	186.9	0.036563917430344	
S	U	M3	45.2	4.40	NA	NA	NA	1150.2	751.41	NA	229.9	0.039297513475917	
W	L	M3	40.3	4.20	7.1	-15.84	11.31	982.9	844.12	100.43	199.0	0.041001119137247	0.401274519565867
W	L	M3	43.2	6.00	7	-14.55	8.41	989.7	882.84	153.74	192.9	0.043649590785086	0.280993885781189
W	L	M3	44.8	4.30	7.13	-17.15	12.28	963.6	863.20	51.27	212.7	0.046492320464923	0.8738053442559
W	L	M3	41.7	4.30	7.52	-17.03	11.39	1119.5	965.75	32.76	211.0	0.037248771773113	1.27289377289377
W	L	M3	50.6	4.30	6.3	-19.52	13.62	1015.7	964.46	181.72	208.5	0.049817859604214	0.278450363196126
W	L	M3	38.5	3.70	6.81	-17.62	12.07	950.8	918.03	213.90	179.1	0.040492217080353	0.179990649836372
W	L	M3	54	5.10	6.92	-18.68	12.38	1033.2	851.49	79.55	218.5	0.052264808362369	0.678818353236958
W	L	M3	39.9	4.40	7.03	-13.89	10.65	1041.9	828.02	108.69	186.8	0.038295421825511	0.367099089152636
W	L	M3	39.8	4.50	7.73	-12.72	10.41	1034.9	955.31	37.07	185.8	0.038457822011789	1.07364445643377
W	L	M3	42.2	4.40	8.07	-14.35	11.24	1048.4	939.68	155.66	194.4	0.040251812285387	0.271103687524091
W	L	M3	39.1	4.50	7.39	-14.6	10.2	1012.6	975.57	118.40	189.1	0.038613470274541	0.330236486486486
W	L	M3	42.9	4.70	6.02	-14.67	10.76	1092.4	936.73	12.82	198.0	0.039271329183449	3.34633385335413
W	L	M3	40	4.40	6.56	-17.11	10.54	1024.7	906.31	101.57	184.5	0.039035815360593	0.39381707197007
W	L	M3	39.6	4.60	6.87	-11.27	9.98	1005	992.17	61.86	203.8	0.039402985074627	0.640155189136761
W	L	M3	38.2	4.60	7.32	-11.67	9.74	994.7	893.09	44.09	196.8	0.038403538755404	0.866409616693128
W	L	M3	38.3	4.70	NA	-11.64	9.61	1043	981.17	NA	196.1	0.036720997123682	
W	L	M3	39.5	5.00	NA	-19.23	9.31	1015.6	971.51	NA	208.9	0.038893265064986	
S	L	M3	75	5.10	5.03	-26.93	17.07	1342	694.43	529.13	242.5	0.055886736214605	0.141742104964753
S	L	M3	118	5.90	5.2	-27.08	23.23	1315.8	666.02	367.65	291.6	0.08967928256574	0.320957432340541
S	L	M3	75.7	5.20	5.2	-23.3	16.91	1331.6	802.45	531.29	264.9	0.056848903574647	0.142483389485968
S	L	M3	103	5.40	5.48	-26.03	22.25	1223.4	855.77	351.09	234.7	0.084191597188164	0.293372069839642
S	L	M3	81.2	5.30	5.7	-24.71	18.03	1288.9	757.62	445.58	257.7	0.062999456901234	0.182234391130661
S	L	M3	100.7	4.70	5.43	-27.89	24.79	1085.8	734.67	592.14	254.5	0.092742678209615	0.170061134191239
S	L	M3	58.8	4.60	5.1	-21.19	14.88	1167.4	721.87	494.75	235.0	0.050368339900634	0.118847902981304
S	L	M3	72	5.60	5.49	-22.65	14.98	1347	754.84	517.53	253.4	0.053452115812918	0.139122369717698
S	L	M3	101.6	5.90	5.59	-25.66	20.06	1254.1	759.35	579.97	260.2	0.081014273183957	0.175181474903874
S	L	M3	60.5	4.60	5.2	-20.61	15.37	1275.8	758.28	603.78	254.2	0.047421225897476	0.100202060353109
S	L	M3	94.1	5.20	5.34	-33.45	21.26	1330.3	750.36	538.83	239.9	0.070735924227618	0.174637640814357
S	L	M3	74.6	5.70	5.38	NA	15.35	1329.2	725.38	415.12	251.8	0.05612398435149	0.17970707265369
S	L	M3	60.1	5.10	5.84	NA	13.74	1189.8	650.93	399.50	238.3	0.050512691208607	0.150438047559449
S	L	M3	49.9	4.90	5.21	NA	11.79	1072	656.83	563.01	218.0	0.046548507462687	0.088630752562122
S	L	M3	44.9	4.40	NA	NA	12.04	1068.9	669.38	NA	226.0	0.042005800355506	
S	L	M3	76	5.60	NA	NA	15.93	1132.2	569.24	NA	222.8	0.067125949478891	
