Período	Lagoa	 Ctotal Burial (g m2 yr)	Corg  Burial (g m2 yr)	 Cinog Burial (g m2 yr)	Ntotal (g m-2 yr-1) 	PT (g m-2 yr-1)	PI  (g m-2 yr-1) 	PO  (g m-2 yr-1) 
<1950	LRF	723.7363	82.22552	641.5108	8.563	0.447843	0.149281	0.298562
<1950	LRF	674.5553	97.01836	582.4368	8.493	0.440993	0.146998	0.293995
<1950	LRF	625.7169	88.22668	538.9958	7.769	0.397472	0.132491	0.264981
<1950	LRF	702.3931	89.38413	613.009	9.177	0.39226	0.142302	0.249958
<1950	LRF	700.7835	94.92552	600.8619	8.46	0.419671	0.13989	0.27978
<1950	LRF	661.421	95.37598	566.045	9.94	0.412307	0.137436	0.274871
<1950	LRF	765.5119	99.55249	653.3806	8.985	0.431274	0.143758	0.287516
<1950	LRF	727.5117	92.67881	619.5561	8.419	0.404905	0.132398	0.272507
<1950	LRF	697.4977	91.30456	606.1932	9.376	0.389447	0.129816	0.259631
<1950	LRF	745.6083	91.09553	632.1686	8.388	0.38157	0.12719	0.25438
<1950	LRF	763.0058	91.26697	645.5127	8.462	0.377656	0.125885	0.251771
<1950	LRF	789.7621	102.0832	687.6789	10.238	0.365432	0.121811	0.243621
<1950	LRF	773.1699	88.59239	651.3116	8.334	0.357171	0.119057	0.238114
<1950	LRF	732.4525	96.8734	635.5791	9.591	0.348781	0.11626	0.232521
<1950	LRF	694.3905	76.15294	582.4923	7.273	0.298395	0.099465	0.19893
<1950	LRF	801.2316	85.93539	670.7239	8.273	0.497655	0.110539	0.387116
<1950	LRF	725.5792	85.90637	639.6728	8.588	0.322844	0.107615	0.215229
<1950	LRF	820.2172	84.07858	683.815	8.227	0.313941	0.104647	0.209294
<1950	LRF	843.7824	84.52588	702.0446	8.342	0.310051	0.10335	0.206701
<1950	LRF	988.485	95.11714	893.3678	9.106	0.563084	0.098584	0.4645
<1950	LRF	849.1123	81.16515	703.6761	8.153	0.286465	0.095488	0.190977
<1950	LRF	752.8445	99.55936	653.2851	9.695	0.27705	0.09235	0.1847
<1950	LRF	817.5562	74.48224	674.886	7.623	0.251771	0.083924	0.167847
<1950	LRF	878.5074	78.09785	723.8064	8.071	0.257835	0.085945	0.17189
<1950	LRF	888.4169	77.04123	730.5764	8.042	0.248035	0.082678	0.165357
<1950	LRF	898.382	75.96751	737.3762	8.012	0.238107	0.079369	0.158738
<1950	LRF	998.2446	82.28209	817.8088	8.771	0.250605	0.083535	0.16707
<1950	LRF	918.4788	73.76879	751.0657	7.95	0.217866	0.072622	0.145244
<1950	LRF	928.6105	72.64379	757.9553	7.918	0.207554	0.069185	0.138369
<1950	LRF	938.7978	71.50169	764.8748	7.885	0.197113	0.065704	0.131409
<1950	LRF	925.0834	68.56679	752.3406	7.652	0.181835	0.060612	0.121223
<1950	LRF	959.3391	69.1662	778.8036	7.815	0.175846	0.058615	0.117231
<1950	ITP	171.9855	156.8239	15.16154	15.20765	1.33902	1.152421	0.186599
<1950	ITP	169.8004	153.4237	16.37664	14.90341	0.990034	0.875091	0.114943
<1950	ITP	167.0474	148.6432	18.4041	13.85515	1.464982	1.331594	0.133388
<1950	ITP	168.0698	149.868	18.20185	17.79694	0.750417	0.462489	0.287928
<1950	ITP	213.8488	188.039	25.80988	18.71983	0.782913	0.540661	0.242252
<1950	ITP	210.4383	179.9498	30.48846	16.14118	0.822632	0.729225	0.093407
<1950	ITP	182.7038	157.5321	25.17162	19.17143	0.912794	0.762756	0.150038
<1950	ITP	203.0595	181.3687	21.6908	18.23529	0.483735	0.280316	0.203419
<1950	ITP	217.8739	183.9392	33.93472	18.27508	0.759714	0.648724	0.110989
<1950	ITP	199.7258	161.7838	37.94201	20.31513	0.561652	0.490748	0.070904
<1950	ITP	194.3265	169.3987	24.92782	16.74403	0.564144	0.551246	0.012898
<1950	ITP	143.184	141.424	1.759926	17.03068	1.12348	0.7707	0.35278
<1950	MC	151.972682895908	149.223822998566	0.392694271048857	15.7534724670672	0.920966375802761	0.404156643932177	0.516809731870584
<1950	MC	137.669820824446	135.451223203017	0.11676829586467	13.6458251981714	0.772422927439773	0.279521489790885	0.492901437648888
<1950	MC	156.824752522367	154.339622999494	0.130796290677538	17.1236298607494	1.07299561326066	0.259500513122976	0.81349510013768
<1950	MC	153.007655730042	150.622794812182	0.125518995676819	11.6562317764937	0.920966375802761	0.404156643932177	0.516809731870584
<1950	MC					0.772422927439773	0.279521489790885	0.492901437648888
<1950	MC					1.07299561326066	0.259500513122976	0.81349510013768
<1950	IMB	15.55352	12.82324	2.730282	1.044909	0.128749	0.042237	0.086513
<1950	IMB	12.73853	10.49804	2.240489	0.850519	0.181602	0.035995	0.145606
<1950	IMB	11.886	10.19333	1.692665	0.845308	0.16254	0.029498	0.133043
<1950	IMB	10.70688	8.660862	2.046019	0.846795	0.249302	0.067057	0.182245
<1950	IMB	14.00861	8.192557	5.816056	0.903419	0.275356	0.04919	0.226166
<1950	IMB	15.19906	13.46001	1.739051	0.96689	0.259643	0.029374	0.230269
<1950	IMB	18.22665	15.23422	2.992422	1.156203	0.261892	0.0322	0.229691
<1950	IMB	16.31636	14.01657	2.299784	1.057945	0.215128	0.037596	0.177532
1950-1975	LFR	508.9449	87.36795	421.5769	8.151	0.530351	0.277803	0.252548
1950-1975	LFR	577.1266	112.8412	463.7112	8.844	0.594354	0.307227	0.287128
1950-1975	LFR	584.4466	113.9598	475.1742	8.964	0.59763	0.304674	0.292956
1950-1975	LFR	590.6191	105.3901	485.229	9.833	0.475445	0.294316	0.181129
1950-1975	LFR	598.5621	116.0571	498.3448	9.199	0.603131	0.29852	0.304612
1950-1975	LFR	650.3087	114.5721	535.7366	10.405	0.643997	0.313742	0.330255
1950-1975	LFR	611.9782	117.9679	521.8419	9.425	0.607234	0.290966	0.316268
1950-1975	LFR	618.424	118.8534	533.7128	9.534	0.431151	0.417436	0.013715
1950-1975	LFR	624.695	119.6922	545.6654	9.641	0.609938	0.203313	0.406626
1950-1975	LFR	630.7911	120.4844	557.6995	9.746	0.610766	0.203589	0.407177
1950-1975	LFR	636.7124	121.23	569.8152	9.848	0.611244	0.203748	0.407496
1950-1975	LFR	687.0585	102.2998	584.7587	9.77	0.52444	0.206312	0.318128
1950-1975	LFR	665.9435	122.5814	594.2913	10.045	0.611151	0.203717	0.407434
1950-1975	LFR	686.2499	105.2601	580.9898	10.083	0.61058	0.203527	0.407053
1950-1975	LFR	728.0959	129.1783	646.2704	10.683	0.636421	0.21214	0.424281
1950-1975	LFR	713.4734	124.2587	631.6175	10.324	0.57833	0.202796	0.375534
1950-1975	LFR	718.2282	104.9313	613.2969	10.389	0.606768	0.202256	0.404512
1950-1975	LFR	745.9177	125.1438	656.9096	10.498	0.604798	0.201599	0.403199
1950-1975	LFR	786.1431	129.4309	690.5634	10.912	0.621268	0.207089	0.414179
1950-1975	LFR	778.968	125.8423	682.5281	9.865	0.403846	0.199936	0.203909
1950-1975	LFR	795.7205	126.1217	695.4597	10.742	0.59679	0.19893	0.39786
1950-1975	LFR	632.6322	83.22242	549.4098	8.482	0.462915	0.154305	0.30861
1950-1975	LFR	688.7762	105.0503	599.0245	9.043	0.489555	0.163185	0.32637
1950-1975	LFR	657.3476	98.32811	570.3031	8.511	0.4208	0.151522	0.269278
1950-1975	ITP	309.7811	274.942	34.83912	27.37251	1.520236	1.214962	0.305274
1950-1975	ITP	275.5317	246.815	28.71674	22.45671	1.351321	1.079966	0.271355
1950-1975	ITP	465.6919	427.2149	38.47706	37.24935	3.869259	1.987506	1.881754
1950-1975	ITP	163.2599	147.9271	15.33281	13.16667	1.390365	0.781336	0.609028
1950-1975	ITP	142.977	123.5145	19.46246	10.21519	1.183431	0.746889	0.436542
1950-1975	ITP	117.3416	101.491	15.85065	11.56084	0.841506	0.607352	0.234154
1950-1975	ITP	138.6949	113.6516	25.0434	16.76839	1.20865	0.50574	0.702911
1950-1975	ITP	197.5833	165.5716	32.0117	20.0278	1.296156	0.843175	0.45298
1950-1975	ITP	197.4602	155.9138	41.54637	20.54282	1.951063	1.644421	0.306642
1950-1975	ITP	212.1873	186.6934	25.49382	21.23293	1.751329	1.334338	0.416992
1950-1975	ITP	226.2694	196.4548	29.81461	17.6956	2.185675	1.805012	0.380663
1950-1975	ITP	186.1209	163.5226	22.59832	13.31767	1.692861	1.330861	0.362001
1950-1975	ITP	138.4947	128.4447	10.05004	14.64305	1.299687	1.064251	0.235436
1950-1975	ITP	163.9658	142.9633	21.0025	16.10654	1.554743	1.316877	0.237866
1950-1975	MC	207.091445502738	199.006794477106	4.35327362918669	22.9064778617036	1.24255828489687	1.06198152103345	0.180576763863419
1950-1975	MC	180.177864013065	173.622720484567	3.36615478490486	20.0655338483705	1.17547854992985	0.710297116516687	0.465181433413162
1950-1975	MC	189.835569610458	188.806408211467	1.02916139899093	22.0016116157186	1.16208655249578	1.19685993027789	0.195710269907768
1950-1975	MC	189.064205780283	183.139116710245	2.69322230456243	20.5666085937073	1.16435219819824	0.797496321559287	0.366855876638957
1950-1975	MC	212.09545724776	205.956373051046	2.57445466313808	20.6874319813536	1.3364613942278	0.851131795432742	0.485329598795061
1950-1975	MC	209.573881406288	203.992942415671	2.11690789299281	22.1023768209457	1.42009847866338	0.950829779005769	0.469268699657612
1950-1975	MC	168.569555785877	164.458103205733	1.37048419338111	18.082840480973	1.25830133708984	0.804717811514881	0.45358352557496
1950-1975	MC	161.072022153015	157.492643882948	1.00222591561876	16.9609583164851	0.899973216770919	0.674263252151825	0.225709964619094
1950-1975	MC	160.85548709465	160.229048769744	0.626438324905383	17.4855238508078	0.96732531572753	0.67540664047669	0.29191867525084
1950-1975	IMB	9.682341	8.488344	1.193996	0.948927	0.180376	0.101	0.079375
1950-1975	IMB	7.468203	7.409085	0.059118	0.746385	0.180366	0.075182	0.105184
1950-1975	IMB	12.67912	8.803292	3.87583	1.291032	0.151678	0.077867	0.07381
1950-1975	IMB	15.13998	7.961184	7.178792	1.353523	0.182298	0.061596	0.120701
1950-1975	IMB	16.44175	10.23193	6.209815	0.853599	0.180566	0.019864	0.160702
1950-1975	IMB	23.47664	16.03118	7.445458	1.634688	0.292964	0.045984	0.246981
1975-2017	LFR	595.629	142.6283	453.0007	13.14	0.956768	0.478384	0.478384
1975-2017	LFR	560.4818	116.6811	402.309	8.39	0.889435	0.444718	0.444718
1975-2017	LFR	575.3829	140.7299	434.6531	12.879	0.927628	0.463814	0.463814
1975-2017	LFR	562.0495	116.5991	417.7552	8.425	0.875075	0.437538	0.437538
1975-2017	LFR	562.7547	116.5371	425.5832	8.441	0.954254	0.43379	0.520464
1975-2017	LFR	575.2189	131.8202	443.3987	11.566	0.919275	0.459637	0.459637
1975-2017	LFR	564.0077	116.3712	441.4491	8.472	0.851961	0.425981	0.425981
1975-2017	LFR	564.5556	116.2673	449.4869	8.486	0.843837	0.421918	0.421918
1975-2017	LFR	533.9891	92.89769	441.0914	8.148	0.687789	0.420104	0.267685
1975-2017	LFR	383.0182	78.58051	315.4752	5.766	0.560113	0.280056	0.280056
1975-2017	LFR	489.1606	96.21409	392.9465	7.982	0.681297	0.340648	0.340648
1975-2017	LFR	404.8267	82.72929	344.8524	6.103	0.578576	0.289288	0.289288
1975-2017	LFR	415.4687	84.73375	359.8906	6.268	0.580513	0.293379	0.287134
1975-2017	LFR	459.098	105.9011	353.197	9.286	0.583192	0.291596	0.291596
1975-2017	LFR	436.2281	88.60278	390.6665	6.592	0.601025	0.300513	0.300513
1975-2017	LFR	446.3456	90.46736	406.4042	6.75	0.60711	0.303555	0.303555
1975-2017	LFR	599.615	84.37253	515.2425	6.963	0.62718	0.347351	0.279829
1975-2017	LFR	466.056	94.05665	438.5788	7.06	0.617181	0.30859	0.30859
1975-2017	LFR	457.6498	97.55658	360.0932	8.456	0.638946	0.319473	0.319473
1975-2017	LFR	485.067	97.45945	343.0037	7.36	0.624454	0.312227	0.312227
1975-2017	LFR	494.3103	99.09091	353.5692	7.506	0.678215	0.313521	0.364694
1975-2017	LFR	400.2727	101.5173	298.7553	8.809	0.520637	0.260319	0.260319
1975-2017	LFR	512.2723	102.214	374.9448	7.792	0.630119	0.315059	0.315059
1975-2017	LFR	520.991	103.7055	385.7551	7.932	0.630609	0.315304	0.315304
1975-2017	LFR	473.5035	84.58805	388.9154	7.713	0.793538	0.291402	0.502136
1975-2017	LFR	537.904	106.5488	407.6203	8.204	0.572732	0.314745	0.257988
1975-2017	LFR	472.1631	84.31301	387.8501	7.754	0.531808	0.288973	0.242835
1975-2017	LFR	554.1176	109.2056	429.8119	8.467	0.58243	0.312787	0.269644
1975-2017	LFR	561.9621	110.4641	441.03	8.595	0.554803	0.311283	0.24352
1975-2017	ITP	298.5746	259.9672	38.60732	27.04244	1.906211	0.922469	0.983742
1975-2017	ITP	311.6129	258.1214	53.49143	28.36366	2.408	1.874294	0.533707
1975-2017	ITP	260.0551	223.224	36.83109	24.24038	2.059212	1.180235	0.878976
1975-2017	ITP	261.6734	212.143	49.53041	24.96721	1.698566	0.879671	0.818895
1975-2017	ITP	223.4857	184.345	39.14078	21.71993	1.538045	0.876879	0.661166
1975-2017	ITP	229.1651	204.1278	25.03729	21.402	1.781991	1.100664	0.681327
1975-2017	ITP	249.3307	224.8642	24.46645	23.02604	2.026631	1.19077	0.835861
1975-2017	ITP	323.0166	165.6918	157.3248	28.78894	2.769327	1.197497	1.57183
1975-2017	ITP	227.6498	232.6666	79.45317	20.69929	1.362817	0.981134	0.381683
1975-2017	ITP	250.4795	213.0213	37.45824	23.04259	1.774377	1.124987	0.649391
1975-2017	ITP	237.8596	214.7726	23.08694	20.98431	2.774596	0.920946	1.85365
1975-2017	ITP	274.8061	259.6097	15.1964	23.97695	2.123369	1.661794	0.461575
1975-2017	ITP	295.9175	242.1534	53.7641	26.55047	1.341384	0.713334	0.628051
1975-2017	ITP	332.902	287.4784	45.42358	29.96677	2.086806	1.103313	0.983493
1975-2017	ITP	252.2231	238.3716	13.85151	20.77546	1.972167	1.563553	0.408615
1975-2017	ITP	278.4339	258.5547	19.87921	22.5435	2.286106	1.142733	1.143373
1975-2017	ITP	318.6234	282.5137	36.10972	26.49926	2.164788	1.486693	0.678095
1975-2017	ITP	290.6555	258.0395	32.61599	25.53001	1.595216	0.927035	0.668182
1975-2017	ITP	278.1345	236.387	41.74756	24.49503	1.450043	1.151899	0.298144
1975-2017	ITP	198.6951	182.568	16.12702	17.17523	1.873706	1.176979	0.696726
1975-2017	ITP	168.5032	152.61	15.89316	14.0593	1.013262	0.690839	0.322423
1975-2017	ITP	213.826	193.9323	19.89368	17.62543	1.583609	0.830052	0.753556
1975-2017	ITP	347.974	303.5528	44.4211	29.29088	2.05763	1.303061	0.754569
1975-2017	MC	300.926471405645	216.608532196673	84.3179392089716	26.0973992254347	3.76794962996573	1.87014957898065	1.89780005098508
1975-2017	MC	307.453482525879	255.246967005036	52.206515520843	26.4763319967127	2.00960489635489	1.5280359865111	0.481568909843789
1975-2017	MC	196.652660018001	182.997186666394	13.6554733516071	21.7881867192934	2.53003544496012	1.40916634869257	1.12086909626755
1975-2017	MC	181.142071457395	172.001539457715	9.14053199968078	23.9365780243384	2.66868843551398	1.47411779099225	1.19457064452172
1975-2017	MC	161.64722676864	153.793243619978	8.25675151526041	20.1570204496869	2.06326880709633	1.44271697809313	0.620551829003202
1975-2017	MC	185.222908491246	176.906777905924	8.84533889529622	21.8703438086799	2.96151318364753	1.35076067958427	1.61075250406326
1975-2017	MC	193.004047866553	184.545703139334	8.53523877019418	20.5729547201453	2.37408083655392	0.895264965043952	1.47881587150997
1975-2017	MC	195.813279720091	183.925417377405	7.85047513196241	19.9977481819505	1.76008515886891	0.858959130583486	0.901126028285427
1975-2017	MC	170.527493073695	162.023607331464	8.50388574223054	20.3765085450483	2.22076902848009	0.902664876091087	1.31810415238901
1975-2017	MC	199.75169932561	188.984005962623	6.81221416842014	20.5108614631278	2.6066423202994	1.08654995999511	1.52009236030429
1975-2017	MC	200.470345966697	190.306261543359	6.27145634631524	22.0222603083644	2.03661943758036	1.19748848338416	0.839130954196201
1975-2017	MC	198.137933418664	196.590815447785	1.54711797087945	22.9064778617036	2.10102388515005	1.67218794349091	0.428835941659131
1975-2017	MC	166.297442076835	158.87190728005	4.31717139347961	18.6122955983756	1.77201587929894	1.10589905031701	0.666116828981931
1975-2017	MC	192.694435022548	184.640946912533	4.51781040317901	21.8033458588204	1.61342638703948	1.09892159724893	0.514504789790544
1975-2017	IMB	20.27926	18.75044	1.528819	2.336968	0.300649	0.120042	0.180607
1975-2017	IMB	6.964193	6.440742	0.523451	0.876496	0.128418	0.022014	0.106403
1975-2017	IMB	9.184488	6.32486	2.859627	1.060977	0.133001	0.10102	0.031982
1975-2017	IMB	9.029605	6.995758	2.033846	0.986347	0.167566	0.058631	0.108935
1975-2017	IMB	13.1896	9.460996	3.728606	1.407674	0.284664	0.121569	0.163095
1975-2017	IMB	13.98187	9.383171	4.598699	1.180415	0.218797	0.078625	0.140171
1975-2017	IMB	12.31566	6.081636	6.23402	1.259435	0.198515	0.061373	0.137143
1975-2017	IMB	10.20337	5.838916	4.364451	1.007173	0.226096	0.105707	0.12039
1975-2017	IMB	6.487547	6.308662	0.178885	0.672797	0.200089	0.130841	0.069248
